100 42 0.4200
101 0 0.0000
102 44 0.4314
103 0 0.0000
104 44 0.4231
105 0 0.0000
106 44 0.4151
107 0 0.0000
108 46 0.4259
109 0 0.0000
110 46 0.4182
111 0 0.0000
112 46 0.4107
113 0 0.0000
114 48 0.4211
115 0 0.0000
116 48 0.4138
117 0 0.0000
118 50 0.4237
119 0 0.0000
120 50 0.4167
121 0 0.0000
122 52 0.4262
123 0 0.0000
124 52 0.4194
125 0 0.0000
126 54 0.4286
127 0 0.0000
128 54 0.4219
129 0 0.0000
130 54 0.4154
131 0 0.0000
132 56 0.4242
133 0 0.0000
134 56 0.4179
135 0 0.0000
136 56 0.4118
137 0 0.0000
138 58 0.4203
139 0 0.0000
140 58 0.4143
141 0 0.0000
142 60 0.4225
143 0 0.0000
144 60 0.4167
145 0 0.0000
146 62 0.4247
147 0 0.0000
148 62 0.4189
149 0 0.0000
150 64 0.4267
151 0 0.0000
152 64 0.4211
153 0 0.0000
154 64 0.4156
155 0 0.0000
156 66 0.4231
157 0 0.0000
158 66 0.4177
159 0 0.0000
160 68 0.4250
161 0 0.0000
162 68 0.4198
163 0 0.0000
164 68 0.4146
165 0 0.0000
166 70 0.4217
167 0 0.0000
168 70 0.4167
169 0 0.0000
170 72 0.4235
171 0 0.0000
172 72 0.4186
173 0 0.0000
174 74 0.4253
175 0 0.0000
176 74 0.4205
177 0 0.0000
178 74 0.4157
179 0 0.0000
180 76 0.4222
181 0 0.0000
182 76 0.4176
183 0 0.0000
184 78 0.4239
185 0 0.0000
186 78 0.4194
187 0 0.0000
188 80 0.4255
189 0 0.0000
190 80 0.4211
191 0 0.0000
192 80 0.4167
193 0 0.0000
194 82 0.4227
195 0 0.0000
196 82 0.4184
197 0 0.0000
198 84 0.4242
199 0 0.0000
200 84 0.4200
