31 15 0.4839
33 15 0.4545
35 17 0.4857
37 17 0.4595
39 17 0.4359
41 19 0.4634
43 19 0.4419
45 19 0.4222
47 21 0.4468
49 21 0.4286
51 23 0.4510
53 23 0.4340
55 23 0.4182
57 25 0.4386
59 25 0.4237
61 27 0.4426
63 27 0.4286
65 29 0.4462
67 29 0.4328
69 31 0.4493
71 31 0.4366
73 31 0.4247
75 33 0.4400
77 33 0.4286
79 33 0.4177
81 35 0.4321
83 35 0.4217
85 37 0.4353
87 37 0.4253
89 39 0.4382
91 39 0.4286
93 41 0.4409
95 41 0.4316
97 41 0.4227
99 43 0.4343
101 43 0.4257
103 45 0.4369
105 45 0.4286
107 45 0.4206
109 47 0.4312
111 47 0.4234
113 47 0.4159
115 49 0.4261
117 49 0.4188
119 51 0.4286
121 51 0.4215
123 53 0.4309
125 53 0.4240
127 55 0.4331
129 55 0.4264
131 55 0.4198
133 57 0.4286
135 57 0.4222
137 57 0.4161
139 59 0.4245
141 59 0.4184
143 61 0.4266
145 61 0.4207
147 63 0.4286
149 63 0.4228
151 65 0.4305
153 65 0.4248
155 65 0.4194
157 67 0.4268
159 67 0.4214
161 69 0.4286
163 69 0.4233
165 69 0.4182
167 71 0.4251
169 71 0.4201
171 73 0.4269
173 73 0.4220
175 75 0.4286
177 75 0.4237
179 75 0.4190
181 77 0.4254
183 77 0.4208
185 79 0.4270
187 79 0.4225
189 81 0.4286
191 81 0.4241
193 81 0.4197
195 83 0.4256
197 83 0.4213
199 85 0.4271
